0,0.011696076951920986
1,0.02373824268579483
2,0.05206860601902008
3,0.09983818978071213
4,0.1500551849603653
5,0.22789953649044037
6,0.28035756945610046
7,0.35352227091789246
8,0.39729201793670654
9,0.45306631922721863
10,0.4717322587966919
11,0.5318359732627869
12,0.5256015658378601
13,0.5556186437606812
14,0.5535610914230347
15,0.5803941488265991
16,0.5796753764152527
