0,0.333982914686203
1,0.34289294481277466
2,0.36455947160720825
3,0.3527328372001648
4,0.39178651571273804
5,0.3964243531227112
6,0.44358760118484497
7,0.4542134404182434
8,0.5057506561279297
9,0.5199821591377258
10,0.5726527571678162
11,0.5885617136955261
12,0.6402299404144287
13,0.6563557982444763
14,0.7045868635177612
15,0.7206224203109741
16,0.7639833092689514
