0,20.54999939352274
1,19.949999399483204
3,12.049999579787254
5,16.874999597668648
7,17.474999509751797
9,16.4749995470047
11,9.224999658763409
13,6.9749996811151505
15,10.049999564886093
