0,3.0499998182058334
1,2.89999982714653
3,4.599999725818634
5,5.599999666213989
7,11.149999365210533
9,7.5999995470047
11,7.949999555945396
13,12.149999484419823
15,15.59999929368496
