0,51.34999878704548
1,53.724999099969864
3,89.07499780505896
5,146.824996560812
7,191.44999834895134
9,13.224999561905861
11,14.074999503791332
13,8.249999694526196
15,51.524998880922794
