0,-110.6915283203125
1,-106.89491271972656
2,-105.7801284790039
3,-109.534912109375
4,-103.7243881225586
5,-107.27828979492188
6,-101.67033386230469
7,-104.55394744873047
8,-99.88932800292969
9,-101.54524993896484
10,-97.93155670166016
11,-98.32106018066406
12,-95.63327026367188
13,-94.6555404663086
14,-92.91571807861328
15,-90.53822326660156
16,-89.70671844482422
