0,780.9249867498875
1,24.999999433755875
3,26.699999302625656
5,28.299999311566353
7,28.449999302625656
9,28.299999341368675
11,28.39999930560589
13,755.1249685883522
15,711.4250011593103
