0,-2.9925696849823
1,-3.1809816360473633
2,-3.1932332515716553
3,-2.765143871307373
4,-3.2823991775512695
5,-2.69600772857666
6,-3.4287519454956055
7,-2.756542921066284
8,-3.5637102127075195
9,-2.858910322189331
10,-3.6109604835510254
11,-2.7434117794036865
12,-2.895148754119873
13,-3.1012187004089355
14,-2.9119277000427246
15,-3.2502455711364746
16,-2.9859957695007324
