0,22.420833587646484
1,18.258333206176758
2,14.470833778381348
3,13.08750057220459
4,16.274999618530273
5,18.233333587646484
6,23.541667938232422
7,27.587501525878906
8,26.52916717529297
9,26.920833587646484
10,24.629167556762695
11,22.808334350585938
12,23.775001525878906
13,27.45833396911621
14,32.13750076293945
15,34.40416717529297
16,35.07500076293945
