0,1.779406189918518
1,1.7643376588821411
2,1.9024012088775635
3,2.036190986633301
4,2.154369354248047
5,2.3319199085235596
6,2.386528968811035
7,2.432616710662842
8,2.6484720706939697
9,2.5861454010009766
10,2.808403730392456
11,2.762666940689087
12,2.9827287197113037
13,2.9184651374816895
14,3.2364063262939453
15,3.170888900756836
16,3.454249858856201
