0,54.23262023925781
1,66.1747055053711
2,79.39370727539062
3,67.55657958984375
4,71.12760162353516
5,60.03495788574219
6,62.34080505371094
7,89.48297119140625
8,77.33950805664062
9,92.03221130371094
10,79.0851821899414
11,91.60443115234375
12,79.85720825195312
13,75.48018646240234
14,64.82667541503906
15,86.84737396240234
16,74.788330078125
