0,-1.5571082830429077
2,-0.14280717074871063
5,-0.3613470494747162
8,5.017848491668701
11,2.266782760620117
14,-0.8278695940971375
17,-0.04615549370646477
20,-0.6948798894882202
23,-0.8428655862808228
