0,0.00011335517046973109
1,0.0003809767949860543
2,0.0006457509007304907
3,0.0008758326293900609
4,0.0013843446504324675
5,0.0008462725672870874
6,0.0009957427391782403
7,0.00034689949825406075
8,0.0003247465065214783
9,0.0004031094431411475
10,0.0007753783138468862
11,0.000956223753746599
12,0.0009043877362273633
13,0.000864718109369278
14,0.0007338093710131943
15,0.0004344235057942569
16,0.00039290203130804
