0,4.285847165621817
1,3.970495568588376
3,3.679398196749389
5,3.5243701385334134
7,3.495449997484684
9,3.543093024753034
11,3.6365591511130333
13,3.7573527982458472
15,3.891708112321794
