0,22.61643409729004
1,23.14459776878357
2,22.233853578567505
3,22.125276565551758
4,22.212180614471436
5,22.164427518844604
6,22.182119369506836
7,22.235092639923096
8,22.09300136566162
9,22.09656524658203
10,22.069912672042847
11,22.058073043823242
12,22.035541534423828
13,22.166810274124146
14,22.10397982597351
15,22.297733545303345
16,22.990817546844482
