0,11.706796646118164
1,11.522746086120605
2,11.41400146484375
3,11.246169090270996
4,12.461165428161621
5,12.811162948608398
6,13.273961067199707
7,12.669778823852539
8,13.33517074584961
9,13.352334022521973
10,14.061284065246582
11,14.100117683410645
12,14.082009315490723
13,13.290346145629883
14,13.46234130859375
15,13.212386131286621
16,13.157224655151367
