0,0.12653015553951263
1,0.09857354313135147
2,0.09869176894426346
3,0.0943276658654213
4,0.09550473093986511
5,0.09558635205030441
6,0.0925016775727272
7,0.09196247160434723
8,0.09514986723661423
9,0.09071242809295654
10,0.09019916504621506
11,0.08989320695400238
12,0.08786457777023315
13,0.08837942034006119
14,0.08500306308269501
15,0.08477292954921722
16,0.08266070485115051
