0,19.16882010549307
1,0.0
3,0.0
5,0.0
7,11.39173792861402
9,0.0
11,74.48289519362152
13,67.79028931446373
15,39.85000270232558
