0,0.014520939439535141
1,0.025783464312553406
2,0.03402931988239288
3,0.05405988171696663
4,0.29896917939186096
5,0.3742915391921997
6,0.0836472362279892
7,-0.09100817143917084
8,-0.13093651831150055
9,-0.10743841528892517
10,-0.649116039276123
11,-1.2361788749694824
12,-1.6749144792556763
13,-0.873622477054596
14,-1.10292649269104
15,-0.8631284236907959
16,-0.2783536911010742
