0,587.3210756778717
1,588.7406511306763
2,90.66342687606812
3,593.279572725296
4,92.2164249420166
5,591.0134258270264
6,92.10088753700256
7,595.6494934558868
8,91.926593542099
9,592.4301218986511
10,92.34693694114685
11,591.5432512760162
12,91.84379267692566
13,588.8730924129486
14,91.24406433105469
15,589.5934579372406
16,90.20492768287659
