0,2.6697838306427
1,0.5293230414390564
2,0.3653357923030853
3,0.36400485038757324
4,0.41328340768814087
5,0.4810183346271515
6,0.5669345259666443
7,0.6446906328201294
8,0.7614398002624512
9,0.7585861682891846
10,0.8839032053947449
11,0.8778144717216492
12,0.9958959817886353
13,1.027008056640625
14,1.1045422554016113
15,1.1114574670791626
16,1.1792575120925903
