0,1.3581326007843018
1,1.36320960521698
2,1.363835096359253
3,1.3631014823913574
4,1.3626360893249512
5,1.362374186515808
6,1.3624193668365479
7,1.362162709236145
8,1.3615596294403076
9,1.361502766609192
10,1.3616509437561035
11,1.3613717555999756
12,1.3615244626998901
13,1.3611011505126953
14,1.3614318370819092
15,1.3609238862991333
16,1.3613009452819824
