0,0.9983835220336914
1,0.9988932609558105
2,0.9989941120147705
3,0.9987874031066895
4,0.9990580081939697
5,0.9985701441764832
6,0.9989815354347229
7,0.9983925819396973
8,0.9988759160041809
9,0.9982706904411316
10,0.9987874627113342
11,0.9981676340103149
12,0.9987115263938904
13,0.9980906248092651
14,0.9986499547958374
15,0.9980373978614807
16,0.9986012578010559
