0,14.057801961898804
1,14.519756555557251
3,15.034927368164062
5,15.7055504322052
7,18.16875123977661
9,18.22068977355957
11,16.29478359222412
13,14.969756126403809
15,15.016463041305542
