0,-14.488245964050293
1,-18.301435470581055
3,-17.539352416992188
5,-19.131515502929688
7,-20.595993041992188
9,-21.943042755126953
11,-23.17262840270996
13,-24.288055419921875
15,-25.267349243164062
